[gd_scene load_steps=19 format=3 uid="uid://b5k27h77nj8xg"]

[ext_resource type="PackedScene" uid="uid://bd85upk5suf4n" path="res://Meshes/building/building.gltf" id="1_ula17"]
[ext_resource type="PackedScene" uid="uid://cmf7hctcmo1ws" path="res://Meshes/boothexport/booth.gltf" id="2_sjms2"]
[ext_resource type="PackedScene" uid="uid://bfwvjsqrt21l1" path="res://Meshes/SquareTable/squaretable.gltf" id="3_xkcww"]
[ext_resource type="PackedScene" uid="uid://byfkef552fv6h" path="res://Meshes/circletable/circletable.gltf" id="4_gjs35"]
[ext_resource type="PackedScene" uid="uid://sxxsntcuecdk" path="res://Meshes/Chair/Chair.gltf" id="5_0a77q"]
[ext_resource type="PackedScene" uid="uid://ixw2bryf4no7" path="res://Meshes/tile/tile.gltf" id="6_xkcww"]
[ext_resource type="PackedScene" uid="uid://bcy77dgtmeh3" path="res://Meshes/animation/Chef_with_Food.fbx" id="7_gjs35"]
[ext_resource type="PackedScene" uid="uid://d6oyod7i7t1t" path="res://Meshes/animation/Sitting_01.fbx" id="8_0a77q"]
[ext_resource type="PackedScene" uid="uid://7ho3buipvtay" path="res://Meshes/animation/Eating.fbx" id="8_cwhxy"]
[ext_resource type="PackedScene" uid="uid://nfteiabrq85i" path="res://Meshes/animation/Getting_Hit.fbx" id="9_rspfg"]
[ext_resource type="PackedScene" uid="uid://bfpvxqpp26ih4" path="res://Meshes/animation/Idle.fbx" id="10_o6qxa"]
[ext_resource type="PackedScene" uid="uid://bdfvilmlw47sg" path="res://Meshes/animation/Idle_Holding.fbx" id="11_1vdwk"]
[ext_resource type="PackedScene" uid="uid://hg1uc56mqyer" path="res://Meshes/animation/Sitting_02.fbx" id="13_xq1c5"]
[ext_resource type="PackedScene" uid="uid://cd1chap2vlkkq" path="res://Meshes/animation/Sitting_03.fbx" id="14_phi2a"]
[ext_resource type="PackedScene" uid="uid://drybm5jew1awc" path="res://Meshes/animation/Sitting_Booth.fbx" id="15_rm4pb"]
[ext_resource type="PackedScene" uid="uid://bdiqsqvwtb84q" path="res://Meshes/animation/Standing_Up.fbx" id="16_rcloh"]
[ext_resource type="PackedScene" uid="uid://bjn0hp62wg7l5" path="res://Meshes/animation/Walk.fbx" id="17_743gr"]
[ext_resource type="PackedScene" uid="uid://bv1kt7n6jowka" path="res://Meshes/animation/Walk_Holding.fbx" id="18_l7jdu"]

[node name="Node3D" type="Node3D"]

[node name="building" parent="." instance=ExtResource("1_ula17")]
transform = Transform3D(1, 0, 0, 0, 1, 0, 0, 0, 1, 0.576715, 0, -0.0163494)

[node name="booth" parent="." instance=ExtResource("2_sjms2")]
transform = Transform3D(-1, 0, 8.74228e-08, 0, 1, 0, -8.74228e-08, 0, -1, -8.7829, 0.203889, -8.8708)

[node name="booth2" parent="." instance=ExtResource("2_sjms2")]
transform = Transform3D(1, 0, -1.78814e-07, 0, 1, 0, 1.78814e-07, 0, 1, -6.29393, 0.199977, -8.86913)

[node name="squaretable" parent="." instance=ExtResource("3_xkcww")]
transform = Transform3D(1, 0, 0, 0, 1, 0, 0, 0, 1, -7.53362, 0, -8.93284)

[node name="booth3" parent="." instance=ExtResource("2_sjms2")]
transform = Transform3D(-1, 0, 8.74228e-08, 0, 1, 0, -8.74228e-08, 0, -1, -5.03781, 0.203889, -8.8708)

[node name="booth4" parent="." instance=ExtResource("2_sjms2")]
transform = Transform3D(1, 0, -1.78814e-07, 0, 1, 0, 1.78814e-07, 0, 1, -2.54884, 0.199977, -8.86913)

[node name="squaretable2" parent="." instance=ExtResource("3_xkcww")]
transform = Transform3D(1, 0, 0, 0, 1, 0, 0, 0, 1, -3.78853, 0, -8.93284)

[node name="booth5" parent="." instance=ExtResource("2_sjms2")]
transform = Transform3D(-1, 0, 8.74228e-08, 0, 1, 0, -8.74228e-08, 0, -1, -1.27161, 0.203889, -8.8708)

[node name="booth6" parent="." instance=ExtResource("2_sjms2")]
transform = Transform3D(1, 0, -1.78814e-07, 0, 1, 0, 1.78814e-07, 0, 1, 1.21736, 0.199977, -8.86913)

[node name="squaretable3" parent="." instance=ExtResource("3_xkcww")]
transform = Transform3D(1, 0, 0, 0, 1, 0, 0, 0, 1, -0.0223331, 0, -8.93284)

[node name="booth7" parent="." instance=ExtResource("2_sjms2")]
transform = Transform3D(1, 0, 0, 0, 1, 0, 0, 0, 1, 5.18977, 0.203889, 7.82223)

[node name="booth8" parent="." instance=ExtResource("2_sjms2")]
transform = Transform3D(-1, 0, 9.13912e-08, 0, 1, 0, -9.13912e-08, 0, -1, 2.7008, 0.199977, 7.82056)

[node name="squaretable4" parent="." instance=ExtResource("3_xkcww")]
transform = Transform3D(-1, 0, -8.74228e-08, 0, 1, 0, 8.74228e-08, 0, -1, 3.94049, 0, 7.88426)

[node name="booth9" parent="." instance=ExtResource("2_sjms2")]
transform = Transform3D(1, 0, 0, 0, 1, 0, 0, 0, 1, 1.44468, 0.203889, 7.82223)

[node name="booth10" parent="." instance=ExtResource("2_sjms2")]
transform = Transform3D(-1, 0, 9.13912e-08, 0, 1, 0, -9.13912e-08, 0, -1, -1.04429, 0.199977, 7.82056)

[node name="squaretable5" parent="." instance=ExtResource("3_xkcww")]
transform = Transform3D(-1, 0, -8.74228e-08, 0, 1, 0, 8.74228e-08, 0, -1, 0.195398, 0, 7.88426)

[node name="booth11" parent="." instance=ExtResource("2_sjms2")]
transform = Transform3D(1, 0, 0, 0, 1, 0, 0, 0, 1, -2.32151, 0.203889, 7.82223)

[node name="booth12" parent="." instance=ExtResource("2_sjms2")]
transform = Transform3D(-1, 0, 9.13912e-08, 0, 1, 0, -9.13912e-08, 0, -1, -4.81048, 0.199977, 7.82056)

[node name="squaretable6" parent="." instance=ExtResource("3_xkcww")]
transform = Transform3D(-1, 0, -8.74228e-08, 0, 1, 0, 8.74228e-08, 0, -1, -3.5708, 0, 7.88427)

[node name="circletable" parent="." instance=ExtResource("4_gjs35")]
transform = Transform3D(0.707107, 0, -0.707107, 0, 1, 0, 0.707107, 0, 0.707107, 1.09188, 0, -3.52678)

[node name="Chair5" parent="." instance=ExtResource("5_0a77q")]
transform = Transform3D(0.707107, 0, 0.707107, 0, 1, 0, -0.707107, 0, 0.707107, 0.124801, 0.421171, -2.52274)

[node name="Chair6" parent="." instance=ExtResource("5_0a77q")]
transform = Transform3D(-0.707107, 0, -0.707107, 0, 1, 0, 0.707107, 0, -0.707107, 2.11088, 0.421171, -4.50881)

[node name="Chair7" parent="." instance=ExtResource("5_0a77q")]
transform = Transform3D(-0.707107, 0, 0.707107, 0, 1, 0, -0.707107, 0, -0.707107, 2.11088, 0.421171, -2.52274)

[node name="Chair8" parent="." instance=ExtResource("5_0a77q")]
transform = Transform3D(0.707107, 0, -0.707107, 0, 1, 0, 0.707107, 0, 0.707107, 0.124801, 0.421171, -4.50881)

[node name="circletable2" parent="." instance=ExtResource("4_gjs35")]
transform = Transform3D(0.707107, 0, -0.707107, 0, 1, 0, 0.707107, 0, 0.707107, -5.90812, 0, -3.52678)

[node name="Chair9" parent="." instance=ExtResource("5_0a77q")]
transform = Transform3D(0.707107, 0, 0.707107, 0, 1, 0, -0.707107, 0, 0.707107, -6.8752, 0.421171, -2.52274)

[node name="Chair10" parent="." instance=ExtResource("5_0a77q")]
transform = Transform3D(-0.707107, 0, -0.707107, 0, 1, 0, 0.707107, 0, -0.707107, -4.88912, 0.421171, -4.50881)

[node name="Chair11" parent="." instance=ExtResource("5_0a77q")]
transform = Transform3D(-0.707107, 0, 0.707107, 0, 1, 0, -0.707107, 0, -0.707107, -4.88912, 0.421171, -2.52274)

[node name="Chair12" parent="." instance=ExtResource("5_0a77q")]
transform = Transform3D(0.707107, 0, -0.707107, 0, 1, 0, 0.707107, 0, 0.707107, -6.8752, 0.421171, -4.50881)

[node name="circletable3" parent="." instance=ExtResource("4_gjs35")]
transform = Transform3D(0.707107, 0, -0.707107, 0, 1, 0, 0.707107, 0, 0.707107, -5.90812, 0, 2.47322)

[node name="Chair13" parent="." instance=ExtResource("5_0a77q")]
transform = Transform3D(0.707107, 0, 0.707107, 0, 1, 0, -0.707107, 0, 0.707107, -6.8752, 0.421171, 3.47726)

[node name="Chair14" parent="." instance=ExtResource("5_0a77q")]
transform = Transform3D(-0.707107, 0, -0.707107, 0, 1, 0, 0.707107, 0, -0.707107, -4.88912, 0.421171, 1.49119)

[node name="Chair15" parent="." instance=ExtResource("5_0a77q")]
transform = Transform3D(-0.707107, 0, 0.707107, 0, 1, 0, -0.707107, 0, -0.707107, -4.88912, 0.421171, 3.47726)

[node name="Chair16" parent="." instance=ExtResource("5_0a77q")]
transform = Transform3D(0.707107, 0, -0.707107, 0, 1, 0, 0.707107, 0, 0.707107, -6.8752, 0.421171, 1.49119)

[node name="circletable4" parent="." instance=ExtResource("4_gjs35")]
transform = Transform3D(0.707107, 0, -0.707107, 0, 1, 0, 0.707107, 0, 0.707107, 1.09188, 0, 2.47322)

[node name="Chair17" parent="." instance=ExtResource("5_0a77q")]
transform = Transform3D(0.707107, 0, 0.707107, 0, 1, 0, -0.707107, 0, 0.707107, 0.124801, 0.421171, 3.47726)

[node name="Chair18" parent="." instance=ExtResource("5_0a77q")]
transform = Transform3D(-0.707107, 0, -0.707107, 0, 1, 0, 0.707107, 0, -0.707107, 2.11088, 0.421171, 1.49119)

[node name="Chair19" parent="." instance=ExtResource("5_0a77q")]
transform = Transform3D(-0.707107, 0, 0.707107, 0, 1, 0, -0.707107, 0, -0.707107, 2.11088, 0.421171, 3.47726)

[node name="Chair20" parent="." instance=ExtResource("5_0a77q")]
transform = Transform3D(0.707107, 0, -0.707107, 0, 1, 0, 0.707107, 0, 0.707107, 0.124801, 0.421171, 1.49119)

[node name="circletable5" parent="." instance=ExtResource("4_gjs35")]
transform = Transform3D(0.707107, 0, -0.707107, 0, 1, 0, 0.707107, 0, 0.707107, -2.20863, 0, -0.526781)

[node name="Chair21" parent="." instance=ExtResource("5_0a77q")]
transform = Transform3D(0.707107, 0, 0.707107, 0, 1, 0, -0.707107, 0, 0.707107, -3.17572, 0.421171, 0.477262)

[node name="Chair22" parent="." instance=ExtResource("5_0a77q")]
transform = Transform3D(-0.707107, 0, -0.707107, 0, 1, 0, 0.707107, 0, -0.707107, -1.18964, 0.421171, -1.50881)

[node name="Chair23" parent="." instance=ExtResource("5_0a77q")]
transform = Transform3D(-0.707107, 0, 0.707107, 0, 1, 0, -0.707107, 0, -0.707107, -1.18964, 0.421171, 0.477262)

[node name="Chair24" parent="." instance=ExtResource("5_0a77q")]
transform = Transform3D(0.707107, 0, -0.707107, 0, 1, 0, 0.707107, 0, 0.707107, -3.17572, 0.421171, -1.50881)

[node name="tile" parent="." instance=ExtResource("6_xkcww")]
transform = Transform3D(1, 0, 0, 0, 1, 0, 0, 0, 1, 0.792292, 0.0533867, 0.0320098)

[node name="ObjTest" type="MeshInstance3D" parent="."]
transform = Transform3D(0.002, 0, 0, 0, 0.002, 0, 0, 0, 0.002, 0.478295, -0.0103326, -1.27703)

[node name="Chef_with_Food" parent="." instance=ExtResource("7_gjs35")]
transform = Transform3D(1, 0, 0, 0, 1, 0, 0, 0, 1, -1.18969, 0.0627699, -6.73536)

[node name="Eating" parent="." instance=ExtResource("8_cwhxy")]
transform = Transform3D(1, 0, 0, 0, 1, 0, 0, 0, 1, -2.51106, 0.0627699, -6.97676)

[node name="Getting_Hit" parent="." instance=ExtResource("9_rspfg")]
transform = Transform3D(1, 0, 0, 0, 1, 0, 0, 0, 1, -1.39025, 0.101036, -5.47684)

[node name="Idle" parent="." instance=ExtResource("10_o6qxa")]
transform = Transform3D(1, 0, 0, 0, 1, 0, 0, 0, 1, -1.81704, 0.101036, -4.00174)

[node name="Idle_Holding" parent="." instance=ExtResource("11_1vdwk")]
transform = Transform3D(1, 0, 0, 0, 1, 0, 0, 0, 1, -1.37909, 0.101037, -2.73482)

[node name="Sitting_01" parent="." instance=ExtResource("8_0a77q")]
transform = Transform3D(1, 0, 0, 0, 1, 0, 0, 0, 1, -2.93836, 0.0627704, -3.11447)

[node name="Sitting_02" parent="." instance=ExtResource("13_xq1c5")]
transform = Transform3D(1, 0, 0, 0, 1, 0, 0, 0, 1, -3.19463, 0.0627701, -4.373)

[node name="Sitting_03" parent="." instance=ExtResource("14_phi2a")]
transform = Transform3D(1, 0, 0, 0, 1, 0, 0, 0, 1, -2.73651, 0.0627701, -5.57754)

[node name="Sitting_Booth" parent="." instance=ExtResource("15_rm4pb")]
transform = Transform3D(1, 0, 0, 0, 1, 0, 0, 0, 1, -3.74959, 0.0627701, -6.74673)

[node name="Standing_Up" parent="." instance=ExtResource("16_rcloh")]
transform = Transform3D(1, 0, 0, 0, 1, 0, 0, 0, 1, -3.78047, 0.0627701, -5.35261)

[node name="Walk" parent="." instance=ExtResource("17_743gr")]
transform = Transform3D(1, 0, 0, 0, 1, 0, 0, 0, 1, -4.6019, 0.101037, -6.52619)

[node name="Walk_Holding" parent="." instance=ExtResource("18_l7jdu")]
transform = Transform3D(1, 0, 0, 0, 1, 0, 0, 0, 1, -3.9084, 0.101037, -3.40825)
